button.numClicks,button.timesOn,button.timesOff,participant,ProlificID,age,biological sex,date,expName,psychopyVersion,OS,frameRate,key_resp_sizecalibration.keys,key_resp_sizecalibration.rt,X Scale,Y Scale,key_resp_2.keys,key_resp_2.rt,key_resp_instruction2.keys,key_resp_instruction2.rt,start_specularN,condition,key_resp.keys,key_resp.rt,slider.response,slider.rt,practice_trial.thisRepN,practice_trial.thisTrialN,practice_trial.thisN,practice_trial.thisIndex,practice_trial.ran,imgN,main_trials.thisRepN,main_trials.thisTrialN,main_trials.thisN,main_trials.thisIndex,main_trials.ran,key_resp_3.keys,key_resp_3.rt
1,[12.506],[12.506],589,5f589d27b9bdc9016c605c7e,51,female,2022-11-22_14h51.02.412,onlinegloss,2022.2.3,Win32,74.96251874,,,,,,,,,,,,,,,,,,,,,,,,,,,
,,,589,5f589d27b9bdc9016c605c7e,51,female,2022-11-22_14h51.02.412,onlinegloss,2022.2.3,Win32,74.96251874,space,4.69,,,,,,,,,,,,,,,,,,,,,,,,,
,,,589,5f589d27b9bdc9016c605c7e,51,female,2022-11-22_14h51.02.412,onlinegloss,2022.2.3,Win32,74.96251874,,,33.9,32.4,,,,,,,,,,,,,,,,,,,,,,,
,,,589,5f589d27b9bdc9016c605c7e,51,female,2022-11-22_14h51.02.412,onlinegloss,2022.2.3,Win32,74.96251874,,,,,space,8.195,,,,,,,,,,,,,,,,,,,,,
,,,589,5f589d27b9bdc9016c605c7e,51,female,2022-11-22_14h51.02.412,onlinegloss,2022.2.3,Win32,74.96251874,,,,,,,,,,,,,,,,,,,,,,,,,,,
,,,589,5f589d27b9bdc9016c605c7e,51,female,2022-11-22_14h51.02.412,onlinegloss,2022.2.3,Win32,74.96251874,,,,,,,space,11.424,,,,,,,,,,,,,,,,,,,
,,,589,5f589d27b9bdc9016c605c7e,51,female,2022-11-22_14h51.02.412,onlinegloss,2022.2.3,Win32,74.96251874,,,,,,,,,50,50,space,13.688,39,13.204,0,0,0,0,1,101,,,,,,,
,,,589,5f589d27b9bdc9016c605c7e,51,female,2022-11-22_14h51.02.412,onlinegloss,2022.2.3,Win32,74.96251874,,,,,,,,,39,50,space,15.983,46,14.586,0,1,1,1,1,102,,,,,,,
,,,589,5f589d27b9bdc9016c605c7e,51,female,2022-11-22_14h51.02.412,onlinegloss,2022.2.3,Win32,74.96251874,,,,,,,,,28,50,space,8.973,38,8.301,,,,,,26,0,0,0,26,1,,
,,,589,5f589d27b9bdc9016c605c7e,51,female,2022-11-22_14h51.02.412,onlinegloss,2022.2.3,Win32,74.96251874,,,,,,,,,49,50,space,9.378,20,8.641,,,,,,63,0,1,1,63,1,,
,,,589,5f589d27b9bdc9016c605c7e,51,female,2022-11-22_14h51.02.412,onlinegloss,2022.2.3,Win32,74.96251874,,,,,,,,,45,50,space,10.744,52,10.247,,,,,,27,0,2,2,27,1,,
,,,589,5f589d27b9bdc9016c605c7e,51,female,2022-11-22_14h51.02.412,onlinegloss,2022.2.3,Win32,74.96251874,,,,,,,,,38,50,space,10.194,20,9.219,,,,,,82,0,3,3,82,1,,
,,,589,5f589d27b9bdc9016c605c7e,51,female,2022-11-22_14h51.02.412,onlinegloss,2022.2.3,Win32,74.96251874,,,,,,,,,27,50,space,4.659,9,2.995,,,,,,46,0,4,4,46,1,,
,,,589,5f589d27b9bdc9016c605c7e,51,female,2022-11-22_14h51.02.412,onlinegloss,2022.2.3,Win32,74.96251874,,,,,,,,,51,50,space,9.143,46,8.258,,,,,,56,0,5,5,56,1,,
,,,589,5f589d27b9bdc9016c605c7e,51,female,2022-11-22_14h51.02.412,onlinegloss,2022.2.3,Win32,74.96251874,,,,,,,,,45,50,space,6.901,37,6.699,,,,,,13,0,6,6,13,1,,
,,,589,5f589d27b9bdc9016c605c7e,51,female,2022-11-22_14h51.02.412,onlinegloss,2022.2.3,Win32,74.96251874,,,,,,,,,49,50,space,4.424,1,3.234,,,,,,44,0,7,7,44,1,,
,,,589,5f589d27b9bdc9016c605c7e,51,female,2022-11-22_14h51.02.412,onlinegloss,2022.2.3,Win32,74.96251874,,,,,,,,,31,50,space,6.515,4,4.173,,,,,,39,0,8,8,39,1,,
,,,589,5f589d27b9bdc9016c605c7e,51,female,2022-11-22_14h51.02.412,onlinegloss,2022.2.3,Win32,74.96251874,,,,,,,,,39,50,space,5.975,7,5.351,,,,,,32,0,9,9,32,1,,
,,,589,5f589d27b9bdc9016c605c7e,51,female,2022-11-22_14h51.02.412,onlinegloss,2022.2.3,Win32,74.96251874,,,,,,,,,47,50,space,7.924,22,6.895,,,,,,10,0,10,10,10,1,,
,,,589,5f589d27b9bdc9016c605c7e,51,female,2022-11-22_14h51.02.412,onlinegloss,2022.2.3,Win32,74.96251874,,,,,,,,,30,50,space,3.927,30,1.657,,,,,,35,0,11,11,35,1,,
,,,589,5f589d27b9bdc9016c605c7e,51,female,2022-11-22_14h51.02.412,onlinegloss,2022.2.3,Win32,74.96251874,,,,,,,,,30,50,space,4.434,43,1.653,,,,,,45,0,12,12,45,1,,
,,,589,5f589d27b9bdc9016c605c7e,51,female,2022-11-22_14h51.02.412,onlinegloss,2022.2.3,Win32,74.96251874,,,,,,,,,32,50,space,4.255,25,2.006,,,,,,1,0,13,13,1,1,,
,,,589,5f589d27b9bdc9016c605c7e,51,female,2022-11-22_14h51.02.412,onlinegloss,2022.2.3,Win32,74.96251874,,,,,,,,,45,50,space,4.611,29,2.809,,,,,,7,0,14,14,7,1,,
,,,589,5f589d27b9bdc9016c605c7e,51,female,2022-11-22_14h51.02.412,onlinegloss,2022.2.3,Win32,74.96251874,,,,,,,,,27,50,space,4.811,36,2.373,,,,,,18,0,15,15,18,1,,
,,,589,5f589d27b9bdc9016c605c7e,51,female,2022-11-22_14h51.02.412,onlinegloss,2022.2.3,Win32,74.96251874,,,,,,,,,46,50,space,5.282,25,3.234,,,,,,2,0,16,16,2,1,,
,,,589,5f589d27b9bdc9016c605c7e,51,female,2022-11-22_14h51.02.412,onlinegloss,2022.2.3,Win32,74.96251874,,,,,,,,,40,50,space,4.511,3,2.043,,,,,,9,0,17,17,9,1,,
,,,589,5f589d27b9bdc9016c605c7e,51,female,2022-11-22_14h51.02.412,onlinegloss,2022.2.3,Win32,74.96251874,,,,,,,,,46,50,space,7.31,44,6.485,,,,,,54,0,18,18,54,1,,
,,,589,5f589d27b9bdc9016c605c7e,51,female,2022-11-22_14h51.02.412,onlinegloss,2022.2.3,Win32,74.96251874,,,,,,,,,37,50,space,7.283,20,6.961,,,,,,73,0,19,19,73,1,,
,,,589,5f589d27b9bdc9016c605c7e,51,female,2022-11-22_14h51.02.412,onlinegloss,2022.2.3,Win32,74.96251874,,,,,,,,,36,50,space,7.265,7,6.658,,,,,,37,0,20,20,37,1,,
,,,589,5f589d27b9bdc9016c605c7e,51,female,2022-11-22_14h51.02.412,onlinegloss,2022.2.3,Win32,74.96251874,,,,,,,,,45,50,space,3.599,14,1.829,,,,,,25,0,21,21,25,1,,
,,,589,5f589d27b9bdc9016c605c7e,51,female,2022-11-22_14h51.02.412,onlinegloss,2022.2.3,Win32,74.96251874,,,,,,,,,40,50,space,4.554,35,1.839,,,,,,62,0,22,22,62,1,,
,,,589,5f589d27b9bdc9016c605c7e,51,female,2022-11-22_14h51.02.412,onlinegloss,2022.2.3,Win32,74.96251874,,,,,,,,,33,50,space,5.861,39,5.478,,,,,,31,0,23,23,31,1,,
,,,589,5f589d27b9bdc9016c605c7e,51,female,2022-11-22_14h51.02.412,onlinegloss,2022.2.3,Win32,74.96251874,,,,,,,,,51,50,space,4.155,1,3.377,,,,,,4,0,24,24,4,1,,
,,,589,5f589d27b9bdc9016c605c7e,51,female,2022-11-22_14h51.02.412,onlinegloss,2022.2.3,Win32,74.96251874,,,,,,,,,41,50,space,5.969,32,5.127,,,,,,80,0,25,25,80,1,,
,,,589,5f589d27b9bdc9016c605c7e,51,female,2022-11-22_14h51.02.412,onlinegloss,2022.2.3,Win32,74.96251874,,,,,,,,,38,50,space,3.755,1,2.829,,,,,,12,0,26,26,12,1,,
,,,589,5f589d27b9bdc9016c605c7e,51,female,2022-11-22_14h51.02.412,onlinegloss,2022.2.3,Win32,74.96251874,,,,,,,,,28,50,space,8.032,42,6.156,,,,,,55,0,27,27,55,1,,
,,,589,5f589d27b9bdc9016c605c7e,51,female,2022-11-22_14h51.02.412,onlinegloss,2022.2.3,Win32,74.96251874,,,,,,,,,36,50,space,3.862,7,2.671,,,,,,75,0,28,28,75,1,,
,,,589,5f589d27b9bdc9016c605c7e,51,female,2022-11-22_14h51.02.412,onlinegloss,2022.2.3,Win32,74.96251874,,,,,,,,,28,50,space,7.669,43,4.759,,,,,,70,0,29,29,70,1,,
,,,589,5f589d27b9bdc9016c605c7e,51,female,2022-11-22_14h51.02.412,onlinegloss,2022.2.3,Win32,74.96251874,,,,,,,,,29,50,space,9.305,49,8.82,,,,,,81,0,30,30,81,1,,
,,,589,5f589d27b9bdc9016c605c7e,51,female,2022-11-22_14h51.02.412,onlinegloss,2022.2.3,Win32,74.96251874,,,,,,,,,36,50,space,6.389,47,6.014,,,,,,53,0,31,31,53,1,,
,,,589,5f589d27b9bdc9016c605c7e,51,female,2022-11-22_14h51.02.412,onlinegloss,2022.2.3,Win32,74.96251874,,,,,,,,,44,50,space,3.567,10,2.342,,,,,,71,0,32,32,71,1,,
,,,589,5f589d27b9bdc9016c605c7e,51,female,2022-11-22_14h51.02.412,onlinegloss,2022.2.3,Win32,74.96251874,,,,,,,,,34,50,space,10.255,28,9.356,,,,,,61,0,33,33,61,1,,
,,,589,5f589d27b9bdc9016c605c7e,51,female,2022-11-22_14h51.02.412,onlinegloss,2022.2.3,Win32,74.96251874,,,,,,,,,30,50,space,3.001,41,1.49,,,,,,78,0,34,34,78,1,,
,,,589,5f589d27b9bdc9016c605c7e,51,female,2022-11-22_14h51.02.412,onlinegloss,2022.2.3,Win32,74.96251874,,,,,,,,,49,50,space,4.142,37,2.231,,,,,,58,0,35,35,58,1,,
,,,589,5f589d27b9bdc9016c605c7e,51,female,2022-11-22_14h51.02.412,onlinegloss,2022.2.3,Win32,74.96251874,,,,,,,,,31,50,space,6.795,42,6.434,,,,,,30,0,36,36,30,1,,
,,,589,5f589d27b9bdc9016c605c7e,51,female,2022-11-22_14h51.02.412,onlinegloss,2022.2.3,Win32,74.96251874,,,,,,,,,32,50,space,3.563,48,2.007,,,,,,19,0,37,37,19,1,,
,,,589,5f589d27b9bdc9016c605c7e,51,female,2022-11-22_14h51.02.412,onlinegloss,2022.2.3,Win32,74.96251874,,,,,,,,,45,50,space,4.827,35,3.646,,,,,,34,0,38,38,34,1,,
,,,589,5f589d27b9bdc9016c605c7e,51,female,2022-11-22_14h51.02.412,onlinegloss,2022.2.3,Win32,74.96251874,,,,,,,,,39,50,space,4.323,1,3.662,,,,,,72,0,39,39,72,1,,
,,,589,5f589d27b9bdc9016c605c7e,51,female,2022-11-22_14h51.02.412,onlinegloss,2022.2.3,Win32,74.96251874,,,,,,,,,41,50,space,6.454,1,4.177,,,,,,0,0,40,40,0,1,,
,,,589,5f589d27b9bdc9016c605c7e,51,female,2022-11-22_14h51.02.412,onlinegloss,2022.2.3,Win32,74.96251874,,,,,,,,,43,50,space,4.534,52,3.391,,,,,,43,0,41,41,43,1,,
,,,589,5f589d27b9bdc9016c605c7e,51,female,2022-11-22_14h51.02.412,onlinegloss,2022.2.3,Win32,74.96251874,,,,,,,,,29,50,space,4.074,35,1.984,,,,,,69,0,42,42,69,1,,
,,,589,5f589d27b9bdc9016c605c7e,51,female,2022-11-22_14h51.02.412,onlinegloss,2022.2.3,Win32,74.96251874,,,,,,,,,32,50,space,7.195,9,7.015,,,,,,67,0,43,43,67,1,,
,,,589,5f589d27b9bdc9016c605c7e,51,female,2022-11-22_14h51.02.412,onlinegloss,2022.2.3,Win32,74.96251874,,,,,,,,,34,50,space,5.37,31,4.68,,,,,,36,0,44,44,36,1,,
,,,589,5f589d27b9bdc9016c605c7e,51,female,2022-11-22_14h51.02.412,onlinegloss,2022.2.3,Win32,74.96251874,,,,,,,,,35,50,space,5.734,5,4.858,,,,,,42,0,45,45,42,1,,
,,,589,5f589d27b9bdc9016c605c7e,51,female,2022-11-22_14h51.02.412,onlinegloss,2022.2.3,Win32,74.96251874,,,,,,,,,45,50,space,3.513,17,1.939,,,,,,17,0,46,46,17,1,,
,,,589,5f589d27b9bdc9016c605c7e,51,female,2022-11-22_14h51.02.412,onlinegloss,2022.2.3,Win32,74.96251874,,,,,,,,,46,50,space,5.07,2,4.351,,,,,,6,0,47,47,6,1,,
,,,589,5f589d27b9bdc9016c605c7e,51,female,2022-11-22_14h51.02.412,onlinegloss,2022.2.3,Win32,74.96251874,,,,,,,,,28,50,space,3.908,12,3.595,,,,,,28,0,48,48,28,1,,
,,,589,5f589d27b9bdc9016c605c7e,51,female,2022-11-22_14h51.02.412,onlinegloss,2022.2.3,Win32,74.96251874,,,,,,,,,43,50,space,4.172,2,3.444,,,,,,65,0,49,49,65,1,,
,,,589,5f589d27b9bdc9016c605c7e,51,female,2022-11-22_14h51.02.412,onlinegloss,2022.2.3,Win32,74.96251874,,,,,,,,,46,50,space,7.599,22,6.804,,,,,,16,0,50,50,16,1,,
,,,589,5f589d27b9bdc9016c605c7e,51,female,2022-11-22_14h51.02.412,onlinegloss,2022.2.3,Win32,74.96251874,,,,,,,,,37,50,space,3.687,44,2.043,,,,,,41,0,51,51,41,1,,
,,,589,5f589d27b9bdc9016c605c7e,51,female,2022-11-22_14h51.02.412,onlinegloss,2022.2.3,Win32,74.96251874,,,,,,,,,38,50,space,4.324,1,3.533,,,,,,15,0,52,52,15,1,,
,,,589,5f589d27b9bdc9016c605c7e,51,female,2022-11-22_14h51.02.412,onlinegloss,2022.2.3,Win32,74.96251874,,,,,,,,,44,50,space,3.176,1,2.51,,,,,,20,0,53,53,20,1,,
,,,589,5f589d27b9bdc9016c605c7e,51,female,2022-11-22_14h51.02.412,onlinegloss,2022.2.3,Win32,74.96251874,,,,,,,,,48,50,space,5.842,41,4.862,,,,,,68,0,54,54,68,1,,
,,,589,5f589d27b9bdc9016c605c7e,51,female,2022-11-22_14h51.02.412,onlinegloss,2022.2.3,Win32,74.96251874,,,,,,,,,43,50,space,3.715,49,3.181,,,,,,77,0,55,55,77,1,,
,,,589,5f589d27b9bdc9016c605c7e,51,female,2022-11-22_14h51.02.412,onlinegloss,2022.2.3,Win32,74.96251874,,,,,,,,,37,50,space,5.703,46,5.458,,,,,,40,0,56,56,40,1,,
,,,589,5f589d27b9bdc9016c605c7e,51,female,2022-11-22_14h51.02.412,onlinegloss,2022.2.3,Win32,74.96251874,,,,,,,,,43,50,space,3.09,27,1.656,,,,,,14,0,57,57,14,1,,
,,,589,5f589d27b9bdc9016c605c7e,51,female,2022-11-22_14h51.02.412,onlinegloss,2022.2.3,Win32,74.96251874,,,,,,,,,47,50,space,7.934,35,6.991,,,,,,47,0,58,58,47,1,,
,,,589,5f589d27b9bdc9016c605c7e,51,female,2022-11-22_14h51.02.412,onlinegloss,2022.2.3,Win32,74.96251874,,,,,,,,,31,50,space,7.017,18,6.46,,,,,,59,0,59,59,59,1,,
,,,589,5f589d27b9bdc9016c605c7e,51,female,2022-11-22_14h51.02.412,onlinegloss,2022.2.3,Win32,74.96251874,,,,,,,,,36,50,space,4.996,12,4.591,,,,,,29,0,60,60,29,1,,
,,,589,5f589d27b9bdc9016c605c7e,51,female,2022-11-22_14h51.02.412,onlinegloss,2022.2.3,Win32,74.96251874,,,,,,,,,48,50,space,3.502,6,2.457,,,,,,52,0,61,61,52,1,,
,,,589,5f589d27b9bdc9016c605c7e,51,female,2022-11-22_14h51.02.412,onlinegloss,2022.2.3,Win32,74.96251874,,,,,,,,,29,50,space,4.021,31,3.712,,,,,,83,0,62,62,83,1,,
,,,589,5f589d27b9bdc9016c605c7e,51,female,2022-11-22_14h51.02.412,onlinegloss,2022.2.3,Win32,74.96251874,,,,,,,,,46,50,space,3.451,8,2.163,,,,,,57,0,63,63,57,1,,
,,,589,5f589d27b9bdc9016c605c7e,51,female,2022-11-22_14h51.02.412,onlinegloss,2022.2.3,Win32,74.96251874,,,,,,,,,50,50,space,4.335,49,2.384,,,,,,74,0,64,64,74,1,,
,,,589,5f589d27b9bdc9016c605c7e,51,female,2022-11-22_14h51.02.412,onlinegloss,2022.2.3,Win32,74.96251874,,,,,,,,,35,50,space,4.184,5,3.17,,,,,,49,0,65,65,49,1,,
,,,589,5f589d27b9bdc9016c605c7e,51,female,2022-11-22_14h51.02.412,onlinegloss,2022.2.3,Win32,74.96251874,,,,,,,,,29,50,space,4.007,32,3.404,,,,,,64,0,66,66,64,1,,
,,,589,5f589d27b9bdc9016c605c7e,51,female,2022-11-22_14h51.02.412,onlinegloss,2022.2.3,Win32,74.96251874,,,,,,,,,46,50,space,2.9,46,1.782,,,,,,21,0,67,67,21,1,,
,,,589,5f589d27b9bdc9016c605c7e,51,female,2022-11-22_14h51.02.412,onlinegloss,2022.2.3,Win32,74.96251874,,,,,,,,,43,50,space,3.396,50,1.79,,,,,,84,0,68,68,84,1,,
,,,589,5f589d27b9bdc9016c605c7e,51,female,2022-11-22_14h51.02.412,onlinegloss,2022.2.3,Win32,74.96251874,,,,,,,,,48,50,space,2.949,51,2.177,,,,,,11,0,69,69,11,1,,
,,,589,5f589d27b9bdc9016c605c7e,51,female,2022-11-22_14h51.02.412,onlinegloss,2022.2.3,Win32,74.96251874,,,,,,,,,45,50,space,3.428,3,2.367,,,,,,23,0,70,70,23,1,,
,,,589,5f589d27b9bdc9016c605c7e,51,female,2022-11-22_14h51.02.412,onlinegloss,2022.2.3,Win32,74.96251874,,,,,,,,,31,50,space,3.411,3,1.972,,,,,,50,0,71,71,50,1,,
,,,589,5f589d27b9bdc9016c605c7e,51,female,2022-11-22_14h51.02.412,onlinegloss,2022.2.3,Win32,74.96251874,,,,,,,,,26,50,space,3.297,16,2.189,,,,,,3,0,72,72,3,1,,
,,,589,5f589d27b9bdc9016c605c7e,51,female,2022-11-22_14h51.02.412,onlinegloss,2022.2.3,Win32,74.96251874,,,,,,,,,34,50,space,5.182,4,4.857,,,,,,8,0,73,73,8,1,,
,,,589,5f589d27b9bdc9016c605c7e,51,female,2022-11-22_14h51.02.412,onlinegloss,2022.2.3,Win32,74.96251874,,,,,,,,,44,50,space,4.005,34,2.878,,,,,,38,0,74,74,38,1,,
,,,589,5f589d27b9bdc9016c605c7e,51,female,2022-11-22_14h51.02.412,onlinegloss,2022.2.3,Win32,74.96251874,,,,,,,,,44,50,space,4.695,50,2.565,,,,,,76,0,75,75,76,1,,
,,,589,5f589d27b9bdc9016c605c7e,51,female,2022-11-22_14h51.02.412,onlinegloss,2022.2.3,Win32,74.96251874,,,,,,,,,34,50,space,4.411,51,1.803,,,,,,24,0,76,76,24,1,,
,,,589,5f589d27b9bdc9016c605c7e,51,female,2022-11-22_14h51.02.412,onlinegloss,2022.2.3,Win32,74.96251874,,,,,,,,,43,50,space,3.814,2,2.763,,,,,,79,0,77,77,79,1,,
,,,589,5f589d27b9bdc9016c605c7e,51,female,2022-11-22_14h51.02.412,onlinegloss,2022.2.3,Win32,74.96251874,,,,,,,,,48,50,space,3.227,15,2.283,,,,,,33,0,78,78,33,1,,
,,,589,5f589d27b9bdc9016c605c7e,51,female,2022-11-22_14h51.02.412,onlinegloss,2022.2.3,Win32,74.96251874,,,,,,,,,27,50,space,2.955,29,1.406,,,,,,48,0,79,79,48,1,,
,,,589,5f589d27b9bdc9016c605c7e,51,female,2022-11-22_14h51.02.412,onlinegloss,2022.2.3,Win32,74.96251874,,,,,,,,,34,50,space,4.197,1,3.406,,,,,,5,0,80,80,5,1,,
,,,589,5f589d27b9bdc9016c605c7e,51,female,2022-11-22_14h51.02.412,onlinegloss,2022.2.3,Win32,74.96251874,,,,,,,,,37,50,space,5.342,39,4.661,,,,,,51,0,81,81,51,1,,
,,,589,5f589d27b9bdc9016c605c7e,51,female,2022-11-22_14h51.02.412,onlinegloss,2022.2.3,Win32,74.96251874,,,,,,,,,32,50,space,3.529,12,2.592,,,,,,22,0,82,82,22,1,,
,,,589,5f589d27b9bdc9016c605c7e,51,female,2022-11-22_14h51.02.412,onlinegloss,2022.2.3,Win32,74.96251874,,,,,,,,,39,50,space,4.326,28,3.743,,,,,,60,0,83,83,60,1,,
,,,589,5f589d27b9bdc9016c605c7e,51,female,2022-11-22_14h51.02.412,onlinegloss,2022.2.3,Win32,74.96251874,,,,,,,,,46,50,space,3.883,37,3.372,,,,,,66,0,84,84,66,1,,
,,,589,5f589d27b9bdc9016c605c7e,51,female,2022-11-22_14h51.02.412,onlinegloss,2022.2.3,Win32,74.96251874,,,,,,,,,41,50,space,3.095,47,2.524,,,,,,77,1,0,85,77,1,,
,,,589,5f589d27b9bdc9016c605c7e,51,female,2022-11-22_14h51.02.412,onlinegloss,2022.2.3,Win32,74.96251874,,,,,,,,,31,50,space,3.412,2,2.799,,,,,,9,1,1,86,9,1,,
,,,589,5f589d27b9bdc9016c605c7e,51,female,2022-11-22_14h51.02.412,onlinegloss,2022.2.3,Win32,74.96251874,,,,,,,,,36,50,space,7.823,40,6.966,,,,,,36,1,2,87,36,1,,
,,,589,5f589d27b9bdc9016c605c7e,51,female,2022-11-22_14h51.02.412,onlinegloss,2022.2.3,Win32,74.96251874,,,,,,,,,44,50,space,3.109,48,1.804,,,,,,41,1,3,88,41,1,,
,,,589,5f589d27b9bdc9016c605c7e,51,female,2022-11-22_14h51.02.412,onlinegloss,2022.2.3,Win32,74.96251874,,,,,,,,,51,50,space,6.172,32,5.208,,,,,,1,1,4,89,1,1,,
,,,589,5f589d27b9bdc9016c605c7e,51,female,2022-11-22_14h51.02.412,onlinegloss,2022.2.3,Win32,74.96251874,,,,,,,,,45,50,space,4.167,51,3.304,,,,,,56,1,5,90,56,1,,
,,,589,5f589d27b9bdc9016c605c7e,51,female,2022-11-22_14h51.02.412,onlinegloss,2022.2.3,Win32,74.96251874,,,,,,,,,33,50,space,3.316,10,1.98,,,,,,17,1,6,91,17,1,,
,,,589,5f589d27b9bdc9016c605c7e,51,female,2022-11-22_14h51.02.412,onlinegloss,2022.2.3,Win32,74.96251874,,,,,,,,,37,50,space,3.46,14,2.258,,,,,,28,1,7,92,28,1,,
,,,589,5f589d27b9bdc9016c605c7e,51,female,2022-11-22_14h51.02.412,onlinegloss,2022.2.3,Win32,74.96251874,,,,,,,,,50,50,space,2.995,2,2.578,,,,,,15,1,8,93,15,1,,
,,,589,5f589d27b9bdc9016c605c7e,51,female,2022-11-22_14h51.02.412,onlinegloss,2022.2.3,Win32,74.96251874,,,,,,,,,32,50,space,3.588,6,2.709,,,,,,32,1,9,94,32,1,,
,,,589,5f589d27b9bdc9016c605c7e,51,female,2022-11-22_14h51.02.412,onlinegloss,2022.2.3,Win32,74.96251874,,,,,,,,,43,50,space,6.835,48,6.263,,,,,,74,1,10,95,74,1,,
,,,589,5f589d27b9bdc9016c605c7e,51,female,2022-11-22_14h51.02.412,onlinegloss,2022.2.3,Win32,74.96251874,,,,,,,,,47,50,space,3.58,2,2.216,,,,,,37,1,11,96,37,1,,
,,,589,5f589d27b9bdc9016c605c7e,51,female,2022-11-22_14h51.02.412,onlinegloss,2022.2.3,Win32,74.96251874,,,,,,,,,35,50,space,4.342,38,3.711,,,,,,30,1,12,97,30,1,,
,,,589,5f589d27b9bdc9016c605c7e,51,female,2022-11-22_14h51.02.412,onlinegloss,2022.2.3,Win32,74.96251874,,,,,,,,,50,50,space,2.839,24,1.864,,,,,,2,1,13,98,2,1,,
,,,589,5f589d27b9bdc9016c605c7e,51,female,2022-11-22_14h51.02.412,onlinegloss,2022.2.3,Win32,74.96251874,,,,,,,,,42,50,space,2.859,28,1.949,,,,,,59,1,14,99,59,1,,
,,,589,5f589d27b9bdc9016c605c7e,51,female,2022-11-22_14h51.02.412,onlinegloss,2022.2.3,Win32,74.96251874,,,,,,,,,36,50,space,6.128,50,5.653,,,,,,43,1,15,100,43,1,,
,,,589,5f589d27b9bdc9016c605c7e,51,female,2022-11-22_14h51.02.412,onlinegloss,2022.2.3,Win32,74.96251874,,,,,,,,,36,50,space,6.02,49,5.273,,,,,,81,1,16,101,81,1,,
,,,589,5f589d27b9bdc9016c605c7e,51,female,2022-11-22_14h51.02.412,onlinegloss,2022.2.3,Win32,74.96251874,,,,,,,,,48,50,space,3.274,51,1.89,,,,,,53,1,17,102,53,1,,
,,,589,5f589d27b9bdc9016c605c7e,51,female,2022-11-22_14h51.02.412,onlinegloss,2022.2.3,Win32,74.96251874,,,,,,,,,41,50,space,3.195,3,2.207,,,,,,67,1,18,103,67,1,,
,,,589,5f589d27b9bdc9016c605c7e,51,female,2022-11-22_14h51.02.412,onlinegloss,2022.2.3,Win32,74.96251874,,,,,,,,,42,50,space,2.757,12,1.788,,,,,,14,1,19,104,14,1,,
,,,589,5f589d27b9bdc9016c605c7e,51,female,2022-11-22_14h51.02.412,onlinegloss,2022.2.3,Win32,74.96251874,,,,,,,,,28,50,space,5.039,31,4.543,,,,,,62,1,20,105,62,1,,
,,,589,5f589d27b9bdc9016c605c7e,51,female,2022-11-22_14h51.02.412,onlinegloss,2022.2.3,Win32,74.96251874,,,,,,,,,44,50,space,5.662,39,4.949,,,,,,45,1,21,106,45,1,,
,,,589,5f589d27b9bdc9016c605c7e,51,female,2022-11-22_14h51.02.412,onlinegloss,2022.2.3,Win32,74.96251874,,,,,,,,,31,50,space,5.917,29,5.06,,,,,,10,1,22,107,10,1,,
,,,589,5f589d27b9bdc9016c605c7e,51,female,2022-11-22_14h51.02.412,onlinegloss,2022.2.3,Win32,74.96251874,,,,,,,,,47,50,space,2.822,21,1.575,,,,,,25,1,23,108,25,1,,
,,,589,5f589d27b9bdc9016c605c7e,51,female,2022-11-22_14h51.02.412,onlinegloss,2022.2.3,Win32,74.96251874,,,,,,,,,48,50,space,2.765,2,1.806,,,,,,12,1,24,109,12,1,,
,,,589,5f589d27b9bdc9016c605c7e,51,female,2022-11-22_14h51.02.412,onlinegloss,2022.2.3,Win32,74.96251874,,,,,,,,,30,50,space,2.626,1,2.13,,,,,,4,1,25,110,4,1,,
,,,589,5f589d27b9bdc9016c605c7e,51,female,2022-11-22_14h51.02.412,onlinegloss,2022.2.3,Win32,74.96251874,,,,,,,,,51,50,space,9.331,1,6.037,,,,,,0,1,26,111,0,1,,
,,,589,5f589d27b9bdc9016c605c7e,51,female,2022-11-22_14h51.02.412,onlinegloss,2022.2.3,Win32,74.96251874,,,,,,,,,37,50,space,7.491,51,7.165,,,,,,27,1,27,112,27,1,,
,,,589,5f589d27b9bdc9016c605c7e,51,female,2022-11-22_14h51.02.412,onlinegloss,2022.2.3,Win32,74.96251874,,,,,,,,,42,50,space,5.948,35,5.2,,,,,,34,1,28,113,34,1,,
,,,589,5f589d27b9bdc9016c605c7e,51,female,2022-11-22_14h51.02.412,onlinegloss,2022.2.3,Win32,74.96251874,,,,,,,,,34,50,space,6.121,36,5.46,,,,,,55,1,29,114,55,1,,
,,,589,5f589d27b9bdc9016c605c7e,51,female,2022-11-22_14h51.02.412,onlinegloss,2022.2.3,Win32,74.96251874,,,,,,,,,36,50,space,5.795,38,4.904,,,,,,16,1,30,115,16,1,,
,,,589,5f589d27b9bdc9016c605c7e,51,female,2022-11-22_14h51.02.412,onlinegloss,2022.2.3,Win32,74.96251874,,,,,,,,,37,50,space,3.972,31,2.089,,,,,,38,1,31,116,38,1,,
,,,589,5f589d27b9bdc9016c605c7e,51,female,2022-11-22_14h51.02.412,onlinegloss,2022.2.3,Win32,74.96251874,,,,,,,,,36,50,space,5.12,35,4.607,,,,,,60,1,32,117,60,1,,
,,,589,5f589d27b9bdc9016c605c7e,51,female,2022-11-22_14h51.02.412,onlinegloss,2022.2.3,Win32,74.96251874,,,,,,,,,37,50,space,3.089,2,2.284,,,,,,23,1,33,118,23,1,,
,,,589,5f589d27b9bdc9016c605c7e,51,female,2022-11-22_14h51.02.412,onlinegloss,2022.2.3,Win32,74.96251874,,,,,,,,,31,50,space,2.806,3,1.856,,,,,,20,1,34,119,20,1,,
,,,589,5f589d27b9bdc9016c605c7e,51,female,2022-11-22_14h51.02.412,onlinegloss,2022.2.3,Win32,74.96251874,,,,,,,,,40,50,space,7.124,50,6.364,,,,,,76,1,35,120,76,1,,
,,,589,5f589d27b9bdc9016c605c7e,51,female,2022-11-22_14h51.02.412,onlinegloss,2022.2.3,Win32,74.96251874,,,,,,,,,27,50,space,4.308,30,3.888,,,,,,7,1,36,121,7,1,,
,,,589,5f589d27b9bdc9016c605c7e,51,female,2022-11-22_14h51.02.412,onlinegloss,2022.2.3,Win32,74.96251874,,,,,,,,,35,50,space,3.29,6,2.075,,,,,,65,1,37,122,65,1,,
,,,589,5f589d27b9bdc9016c605c7e,51,female,2022-11-22_14h51.02.412,onlinegloss,2022.2.3,Win32,74.96251874,,,,,,,,,35,50,space,4.134,28,3.448,,,,,,64,1,38,123,64,1,,
,,,589,5f589d27b9bdc9016c605c7e,51,female,2022-11-22_14h51.02.412,onlinegloss,2022.2.3,Win32,74.96251874,,,,,,,,,49,50,space,5.564,37,5.084,,,,,,61,1,39,124,61,1,,
,,,589,5f589d27b9bdc9016c605c7e,51,female,2022-11-22_14h51.02.412,onlinegloss,2022.2.3,Win32,74.96251874,,,,,,,,,27,50,space,3.076,25,1.637,,,,,,35,1,40,125,35,1,,
,,,589,5f589d27b9bdc9016c605c7e,51,female,2022-11-22_14h51.02.412,onlinegloss,2022.2.3,Win32,74.96251874,,,,,,,,,33,50,space,5.149,36,4.51,,,,,,68,1,41,126,68,1,,
,,,589,5f589d27b9bdc9016c605c7e,51,female,2022-11-22_14h51.02.412,onlinegloss,2022.2.3,Win32,74.96251874,,,,,,,,,28,50,space,3.522,3,2.571,,,,,,8,1,42,127,8,1,,
,,,589,5f589d27b9bdc9016c605c7e,51,female,2022-11-22_14h51.02.412,onlinegloss,2022.2.3,Win32,74.96251874,,,,,,,,,36,50,space,5.228,27,4.346,,,,,,83,1,43,128,83,1,,
,,,589,5f589d27b9bdc9016c605c7e,51,female,2022-11-22_14h51.02.412,onlinegloss,2022.2.3,Win32,74.96251874,,,,,,,,,29,50,space,5.426,16,4.08,,,,,,29,1,44,129,29,1,,
,,,589,5f589d27b9bdc9016c605c7e,51,female,2022-11-22_14h51.02.412,onlinegloss,2022.2.3,Win32,74.96251874,,,,,,,,,27,50,space,3.481,1,2.876,,,,,,72,1,45,130,72,1,,
,,,589,5f589d27b9bdc9016c605c7e,51,female,2022-11-22_14h51.02.412,onlinegloss,2022.2.3,Win32,74.96251874,,,,,,,,,42,50,space,4.79,4,3.636,,,,,,75,1,46,131,75,1,,
,,,589,5f589d27b9bdc9016c605c7e,51,female,2022-11-22_14h51.02.412,onlinegloss,2022.2.3,Win32,74.96251874,,,,,,,,,29,50,space,3.467,38,1.979,,,,,,54,1,47,132,54,1,,
,,,589,5f589d27b9bdc9016c605c7e,51,female,2022-11-22_14h51.02.412,onlinegloss,2022.2.3,Win32,74.96251874,,,,,,,,,50,50,space,2.914,2,2.076,,,,,,5,1,48,133,5,1,,
,,,589,5f589d27b9bdc9016c605c7e,51,female,2022-11-22_14h51.02.412,onlinegloss,2022.2.3,Win32,74.96251874,,,,,,,,,27,50,space,3.252,34,1.911,,,,,,24,1,49,134,24,1,,
,,,589,5f589d27b9bdc9016c605c7e,51,female,2022-11-22_14h51.02.412,onlinegloss,2022.2.3,Win32,74.96251874,,,,,,,,,34,50,space,5.774,38,5.572,,,,,,31,1,50,135,31,1,,
,,,589,5f589d27b9bdc9016c605c7e,51,female,2022-11-22_14h51.02.412,onlinegloss,2022.2.3,Win32,74.96251874,,,,,,,,,44,50,space,3.405,5,2.18,,,,,,52,1,51,136,52,1,,
,,,589,5f589d27b9bdc9016c605c7e,51,female,2022-11-22_14h51.02.412,onlinegloss,2022.2.3,Win32,74.96251874,,,,,,,,,27,50,space,2.743,22,1.491,,,,,,63,1,52,137,63,1,,
,,,589,5f589d27b9bdc9016c605c7e,51,female,2022-11-22_14h51.02.412,onlinegloss,2022.2.3,Win32,74.96251874,,,,,,,,,43,50,space,2.689,2,1.888,,,,,,49,1,53,138,49,1,,
,,,589,5f589d27b9bdc9016c605c7e,51,female,2022-11-22_14h51.02.412,onlinegloss,2022.2.3,Win32,74.96251874,,,,,,,,,36,50,space,4.381,11,3.919,,,,,,71,1,54,139,71,1,,
,,,589,5f589d27b9bdc9016c605c7e,51,female,2022-11-22_14h51.02.412,onlinegloss,2022.2.3,Win32,74.96251874,,,,,,,,,29,50,space,3.122,37,1.398,,,,,,70,1,55,140,70,1,,
,,,589,5f589d27b9bdc9016c605c7e,51,female,2022-11-22_14h51.02.412,onlinegloss,2022.2.3,Win32,74.96251874,,,,,,,,,37,50,space,6.182,24,5.286,,,,,,33,1,56,141,33,1,,
,,,589,5f589d27b9bdc9016c605c7e,51,female,2022-11-22_14h51.02.412,onlinegloss,2022.2.3,Win32,74.96251874,,,,,,,,,33,50,space,6.595,45,5.513,,,,,,19,1,57,142,19,1,,
,,,589,5f589d27b9bdc9016c605c7e,51,female,2022-11-22_14h51.02.412,onlinegloss,2022.2.3,Win32,74.96251874,,,,,,,,,48,50,space,3.61,36,2.043,,,,,,66,1,58,143,66,1,,
,,,589,5f589d27b9bdc9016c605c7e,51,female,2022-11-22_14h51.02.412,onlinegloss,2022.2.3,Win32,74.96251874,,,,,,,,,31,50,space,3.655,30,1.843,,,,,,78,1,59,144,78,1,,
,,,589,5f589d27b9bdc9016c605c7e,51,female,2022-11-22_14h51.02.412,onlinegloss,2022.2.3,Win32,74.96251874,,,,,,,,,46,50,space,3.238,45,1.659,,,,,,84,1,60,145,84,1,,
,,,589,5f589d27b9bdc9016c605c7e,51,female,2022-11-22_14h51.02.412,onlinegloss,2022.2.3,Win32,74.96251874,,,,,,,,,26,50,space,2.967,2,2.217,,,,,,44,1,61,146,44,1,,
,,,589,5f589d27b9bdc9016c605c7e,51,female,2022-11-22_14h51.02.412,onlinegloss,2022.2.3,Win32,74.96251874,,,,,,,,,43,50,space,3.154,27,1.857,,,,,,58,1,62,147,58,1,,
,,,589,5f589d27b9bdc9016c605c7e,51,female,2022-11-22_14h51.02.412,onlinegloss,2022.2.3,Win32,74.96251874,,,,,,,,,27,50,space,2.363,2,1.545,,,,,,50,1,63,148,50,1,,
,,,589,5f589d27b9bdc9016c605c7e,51,female,2022-11-22_14h51.02.412,onlinegloss,2022.2.3,Win32,74.96251874,,,,,,,,,39,50,space,3.008,4,2.297,,,,,,6,1,64,149,6,1,,
,,,589,5f589d27b9bdc9016c605c7e,51,female,2022-11-22_14h51.02.412,onlinegloss,2022.2.3,Win32,74.96251874,,,,,,,,,28,50,space,2.708,25,1.403,,,,,,51,1,65,150,51,1,,
,,,589,5f589d27b9bdc9016c605c7e,51,female,2022-11-22_14h51.02.412,onlinegloss,2022.2.3,Win32,74.96251874,,,,,,,,,48,50,space,2.9,35,1.577,,,,,,13,1,66,151,13,1,,
,,,589,5f589d27b9bdc9016c605c7e,51,female,2022-11-22_14h51.02.412,onlinegloss,2022.2.3,Win32,74.96251874,,,,,,,,,47,50,space,5.548,29,4.034,,,,,,80,1,67,152,80,1,,
,,,589,5f589d27b9bdc9016c605c7e,51,female,2022-11-22_14h51.02.412,onlinegloss,2022.2.3,Win32,74.96251874,,,,,,,,,51,50,space,3.492,26,1.688,,,,,,69,1,68,153,69,1,,
,,,589,5f589d27b9bdc9016c605c7e,51,female,2022-11-22_14h51.02.412,onlinegloss,2022.2.3,Win32,74.96251874,,,,,,,,,28,50,space,3.545,38,2.325,,,,,,40,1,69,154,40,1,,
,,,589,5f589d27b9bdc9016c605c7e,51,female,2022-11-22_14h51.02.412,onlinegloss,2022.2.3,Win32,74.96251874,,,,,,,,,32,50,space,2.849,27,1.629,,,,,,48,1,70,155,48,1,,
,,,589,5f589d27b9bdc9016c605c7e,51,female,2022-11-22_14h51.02.412,onlinegloss,2022.2.3,Win32,74.96251874,,,,,,,,,39,50,space,2.428,7,1.55,,,,,,39,1,71,156,39,1,,
,,,589,5f589d27b9bdc9016c605c7e,51,female,2022-11-22_14h51.02.412,onlinegloss,2022.2.3,Win32,74.96251874,,,,,,,,,43,50,space,2.86,3,2.106,,,,,,42,1,72,157,42,1,,
,,,589,5f589d27b9bdc9016c605c7e,51,female,2022-11-22_14h51.02.412,onlinegloss,2022.2.3,Win32,74.96251874,,,,,,,,,50,50,space,3.383,13,2.329,,,,,,57,1,73,158,57,1,,
,,,589,5f589d27b9bdc9016c605c7e,51,female,2022-11-22_14h51.02.412,onlinegloss,2022.2.3,Win32,74.96251874,,,,,,,,,36,50,space,3.016,30,2.176,,,,,,73,1,74,159,73,1,,
,,,589,5f589d27b9bdc9016c605c7e,51,female,2022-11-22_14h51.02.412,onlinegloss,2022.2.3,Win32,74.96251874,,,,,,,,,33,50,space,2.95,25,2.035,,,,,,47,1,75,160,47,1,,
,,,589,5f589d27b9bdc9016c605c7e,51,female,2022-11-22_14h51.02.412,onlinegloss,2022.2.3,Win32,74.96251874,,,,,,,,,34,50,space,2.742,31,1.82,,,,,,21,1,76,161,21,1,,
,,,589,5f589d27b9bdc9016c605c7e,51,female,2022-11-22_14h51.02.412,onlinegloss,2022.2.3,Win32,74.96251874,,,,,,,,,42,50,space,5.576,38,4.581,,,,,,26,1,77,162,26,1,,
,,,589,5f589d27b9bdc9016c605c7e,51,female,2022-11-22_14h51.02.412,onlinegloss,2022.2.3,Win32,74.96251874,,,,,,,,,39,50,space,3.543,16,2.362,,,,,,82,1,78,163,82,1,,
,,,589,5f589d27b9bdc9016c605c7e,51,female,2022-11-22_14h51.02.412,onlinegloss,2022.2.3,Win32,74.96251874,,,,,,,,,36,50,space,3.326,7,2.562,,,,,,22,1,79,164,22,1,,
,,,589,5f589d27b9bdc9016c605c7e,51,female,2022-11-22_14h51.02.412,onlinegloss,2022.2.3,Win32,74.96251874,,,,,,,,,40,50,space,3.47,26,2.643,,,,,,18,1,80,165,18,1,,
,,,589,5f589d27b9bdc9016c605c7e,51,female,2022-11-22_14h51.02.412,onlinegloss,2022.2.3,Win32,74.96251874,,,,,,,,,50,50,space,5.189,47,4.671,,,,,,11,1,81,166,11,1,,
,,,589,5f589d27b9bdc9016c605c7e,51,female,2022-11-22_14h51.02.412,onlinegloss,2022.2.3,Win32,74.96251874,,,,,,,,,31,50,space,3.028,3,2.257,,,,,,79,1,82,167,79,1,,
,,,589,5f589d27b9bdc9016c605c7e,51,female,2022-11-22_14h51.02.412,onlinegloss,2022.2.3,Win32,74.96251874,,,,,,,,,28,50,space,4.002,13,3.39,,,,,,46,1,83,168,46,1,,
,,,589,5f589d27b9bdc9016c605c7e,51,female,2022-11-22_14h51.02.412,onlinegloss,2022.2.3,Win32,74.96251874,,,,,,,,,47,50,space,3.764,13,2.524,,,,,,3,1,84,169,3,1,,
,,,589,5f589d27b9bdc9016c605c7e,51,female,2022-11-22_14h51.02.412,onlinegloss,2022.2.3,Win32,74.96251874,,,,,,,,,,,,,,,,,,,,,,,,,,,
,,,589,5f589d27b9bdc9016c605c7e,51,female,2022-11-22_14h51.02.412,onlinegloss,2022.2.3,Win32,74.96251874,,,,,,,,,,,,,,,,,,,,,,,,,,space,20.555
,,,589,5f589d27b9bdc9016c605c7e,51,female,2022-11-22_14h51.02.412,onlinegloss,2022.2.3,Win32,74.96251874,,,,,,,,,,,,,,,,,,,,,,,,,,,
